% # columns="iteration, evaluation, min max(neg(.)) min(pos(.)) max correlation, correlation matrix principal axes lengths  (sorted square roots of eigenvalues of correlation matrix)", seed=150368, Wed May 29 13:19:38 2024
1 10 -0.038804963178638165 -0.008959384312147666 0.004116808629642544 0.027352442108518837 0.9611534766537824 0.9670730710966822 0.9689374863406427 0.9897773843462074 0.9921375561992583 0.9974724243265075 0.999762269103275 1.0000182725385807 1.0010324402847883 1.0042661422222285 1.0065629395199127 1.0071785964414 1.0096367151839387 1.0148776547147613 1.016917591204978 1.0592198985009056
2 20 -0.0454141567656302 -0.011542097821648112 0.007523780093614206 0.036876727106584725 0.9611534766537824 0.9670730710966822 0.9689374863406427 0.9897773843462074 0.9921375561992583 0.9974724243265075 0.999762269103275 1.0000182725385807 1.0010324402847883 1.0042661422222285 1.0065629395199127 1.0071785964414 1.0096367151839387 1.0148776547147613 1.016917591204978 1.0592198985009056
3 30 -0.05043103671114423 -0.015444513456816323 0.009828305801679114 0.04579118032274097 0.9611534766537824 0.9670730710966822 0.9689374863406427 0.9897773843462074 0.9921375561992583 0.9974724243265075 0.999762269103275 1.0000182725385807 1.0010324402847883 1.0042661422222285 1.0065629395199127 1.0071785964414 1.0096367151839387 1.0148776547147613 1.016917591204978 1.0592198985009056
4 40 -0.06474303872457286 -0.015073891313332723 0.012169867035708236 0.059161646838574916 0.9611534766537824 0.9670730710966822 0.9689374863406427 0.9897773843462074 0.9921375561992583 0.9974724243265075 0.999762269103275 1.0000182725385807 1.0010324402847883 1.0042661422222285 1.0065629395199127 1.0071785964414 1.0096367151839387 1.0148776547147613 1.016917591204978 1.0592198985009056
5 50 -0.08342566538788806 -0.019051719866437236 0.011466457699714648 0.056262909341286464 0.9611534766537824 0.9670730710966822 0.9689374863406427 0.9897773843462074 0.9921375561992583 0.9974724243265075 0.999762269103275 1.0000182725385807 1.0010324402847883 1.0042661422222285 1.0065629395199127 1.0071785964414 1.0096367151839387 1.0148776547147613 1.016917591204978 1.0592198985009056
6 60 -0.08880392873123376 -0.022790518814598856 0.01798800560788621 0.06174918806956465 0.9611534766537824 0.9670730710966822 0.9689374863406427 0.9897773843462074 0.9921375561992583 0.9974724243265075 0.999762269103275 1.0000182725385807 1.0010324402847883 1.0042661422222285 1.0065629395199127 1.0071785964414 1.0096367151839387 1.0148776547147613 1.016917591204978 1.0592198985009056
7 70 -0.10022149939109622 -0.02377003772039664 0.020916479369967902 0.08499746646447894 0.9611534766537824 0.9670730710966822 0.9689374863406427 0.9897773843462074 0.9921375561992583 0.9974724243265075 0.999762269103275 1.0000182725385807 1.0010324402847883 1.0042661422222285 1.0065629395199127 1.0071785964414 1.0096367151839387 1.0148776547147613 1.016917591204978 1.0592198985009056
8 80 -0.10791194609844164 -0.02333036976816958 0.02133817131043483 0.08885403517526382 0.9611534766537824 0.9670730710966822 0.9689374863406427 0.9897773843462074 0.9921375561992583 0.9974724243265075 0.999762269103275 1.0000182725385807 1.0010324402847883 1.0042661422222285 1.0065629395199127 1.0071785964414 1.0096367151839387 1.0148776547147613 1.016917591204978 1.0592198985009056
9 90 -0.10099109275267838 -0.026142973214263274 0.021847319037469646 0.09746293914574933 0.9611534766537824 0.9670730710966822 0.9689374863406427 0.9897773843462074 0.9921375561992583 0.9974724243265075 0.999762269103275 1.0000182725385807 1.0010324402847883 1.0042661422222285 1.0065629395199127 1.0071785964414 1.0096367151839387 1.0148776547147613 1.016917591204978 1.0592198985009056
10 100 -0.10376928577271119 -0.023406574054405254 0.027027816603483377 0.10166569876750407 0.9611534766537824 0.9670730710966822 0.9689374863406427 0.9897773843462074 0.9921375561992583 0.9974724243265075 0.999762269103275 1.0000182725385807 1.0010324402847883 1.0042661422222285 1.0065629395199127 1.0071785964414 1.0096367151839387 1.0148776547147613 1.016917591204978 1.0592198985009056
11 110 -0.12082043195233472 -0.023849622602512496 0.029132297659631004 0.10834172736657023 0.9611534766537824 0.9670730710966822 0.9689374863406427 0.9897773843462074 0.9921375561992583 0.9974724243265075 0.999762269103275 1.0000182725385807 1.0010324402847883 1.0042661422222285 1.0065629395199127 1.0071785964414 1.0096367151839387 1.0148776547147613 1.016917591204978 1.0592198985009056
12 120 -0.11189708808572864 -0.02214019417163506 0.02774919897307651 0.1034700213278959 0.9611534766537824 0.9670730710966822 0.9689374863406427 0.9897773843462074 0.9921375561992583 0.9974724243265075 0.999762269103275 1.0000182725385807 1.0010324402847883 1.0042661422222285 1.0065629395199127 1.0071785964414 1.0096367151839387 1.0148776547147613 1.016917591204978 1.0592198985009056
13 130 -0.11667749410001413 -0.025991131939660447 0.02646897221330592 0.1095639307895009 0.9611534766537824 0.9670730710966822 0.9689374863406427 0.9897773843462074 0.9921375561992583 0.9974724243265075 0.999762269103275 1.0000182725385807 1.0010324402847883 1.0042661422222285 1.0065629395199127 1.0071785964414 1.0096367151839387 1.0148776547147613 1.016917591204978 1.0592198985009056
14 140 -0.1252315025229019 -0.02265993666702383 0.029944121007227112 0.10497650905797154 0.9611534766537824 0.9670730710966822 0.9689374863406427 0.9897773843462074 0.9921375561992583 0.9974724243265075 0.999762269103275 1.0000182725385807 1.0010324402847883 1.0042661422222285 1.0065629395199127 1.0071785964414 1.0096367151839387 1.0148776547147613 1.016917591204978 1.0592198985009056
15 150 -0.12586885115372282 -0.025945502759017868 0.03274447957450119 0.10617802853335714 0.9611534766537824 0.9670730710966822 0.9689374863406427 0.9897773843462074 0.9921375561992583 0.9974724243265075 0.999762269103275 1.0000182725385807 1.0010324402847883 1.0042661422222285 1.0065629395199127 1.0071785964414 1.0096367151839387 1.0148776547147613 1.016917591204978 1.0592198985009056
16 160 -0.13496288763385358 -0.029550964430747527 0.03711298341625552 0.10847594704549973 0.9611534766537824 0.9670730710966822 0.9689374863406427 0.9897773843462074 0.9921375561992583 0.9974724243265075 0.999762269103275 1.0000182725385807 1.0010324402847883 1.0042661422222285 1.0065629395199127 1.0071785964414 1.0096367151839387 1.0148776547147613 1.016917591204978 1.0592198985009056
17 170 -0.14611533424730871 -0.022172424987917112 0.039968910343177295 0.1143656714840715 0.8457627661335928 0.8804212771753831 0.9112888961870604 0.917973160910887 0.9352099880168457 0.9398426255059925 0.9673335559643824 0.9771440306003324 0.9849041887100933 1.0020509965446536 1.029401962937284 1.0420854057376185 1.0524944029479006 1.0772851580153235 1.1374655779890797 1.2272271258504923
18 180 -0.1525073092316185 -0.021357975834616242 0.044118055379164675 0.1272713244539329 0.8457627661335928 0.8804212771753831 0.9112888961870604 0.917973160910887 0.9352099880168457 0.9398426255059925 0.9673335559643824 0.9771440306003324 0.9849041887100933 1.0020509965446536 1.029401962937284 1.0420854057376185 1.0524944029479006 1.0772851580153235 1.1374655779890797 1.2272271258504923
19 190 -0.15412960351680235 -0.02396933076136141 0.05106560501766561 0.15115997273775011 0.8457627661335928 0.8804212771753831 0.9112888961870604 0.917973160910887 0.9352099880168457 0.9398426255059925 0.9673335559643824 0.9771440306003324 0.9849041887100933 1.0020509965446536 1.029401962937284 1.0420854057376185 1.0524944029479006 1.0772851580153235 1.1374655779890797 1.2272271258504923
20 200 -0.16461162016686826 -0.02394572656140509 0.05853445838332456 0.18258791331538185 0.8457627661335928 0.8804212771753831 0.9112888961870604 0.917973160910887 0.9352099880168457 0.9398426255059925 0.9673335559643824 0.9771440306003324 0.9849041887100933 1.0020509965446536 1.029401962937284 1.0420854057376185 1.0524944029479006 1.0772851580153235 1.1374655779890797 1.2272271258504923
21 210 -0.1740925045798815 -0.028733303584626224 0.0629694635959176 0.20798492411472308 0.8457627661335928 0.8804212771753831 0.9112888961870604 0.917973160910887 0.9352099880168457 0.9398426255059925 0.9673335559643824 0.9771440306003324 0.9849041887100933 1.0020509965446536 1.029401962937284 1.0420854057376185 1.0524944029479006 1.0772851580153235 1.1374655779890797 1.2272271258504923
22 220 -0.2093247542955879 -0.02715917733593374 0.06653668118790564 0.22776705228586822 0.8457627661335928 0.8804212771753831 0.9112888961870604 0.917973160910887 0.9352099880168457 0.9398426255059925 0.9673335559643824 0.9771440306003324 0.9849041887100933 1.0020509965446536 1.029401962937284 1.0420854057376185 1.0524944029479006 1.0772851580153235 1.1374655779890797 1.2272271258504923
23 230 -0.2072505092271671 -0.03744592694820882 0.06967959776102002 0.2420943531267961 0.8457627661335928 0.8804212771753831 0.9112888961870604 0.917973160910887 0.9352099880168457 0.9398426255059925 0.9673335559643824 0.9771440306003324 0.9849041887100933 1.0020509965446536 1.029401962937284 1.0420854057376185 1.0524944029479006 1.0772851580153235 1.1374655779890797 1.2272271258504923
24 240 -0.19271777475908314 -0.02748351618417784 0.07816025239154528 0.24334849571334521 0.8457627661335928 0.8804212771753831 0.9112888961870604 0.917973160910887 0.9352099880168457 0.9398426255059925 0.9673335559643824 0.9771440306003324 0.9849041887100933 1.0020509965446536 1.029401962937284 1.0420854057376185 1.0524944029479006 1.0772851580153235 1.1374655779890797 1.2272271258504923
25 250 -0.1932267358959664 -0.025020107959989553 0.0766827298445633 0.2248754521305762 0.8457627661335928 0.8804212771753831 0.9112888961870604 0.917973160910887 0.9352099880168457 0.9398426255059925 0.9673335559643824 0.9771440306003324 0.9849041887100933 1.0020509965446536 1.029401962937284 1.0420854057376185 1.0524944029479006 1.0772851580153235 1.1374655779890797 1.2272271258504923
26 260 -0.1955127394308477 -0.029642435771741155 0.07850779895663598 0.2321810491731413 0.8457627661335928 0.8804212771753831 0.9112888961870604 0.917973160910887 0.9352099880168457 0.9398426255059925 0.9673335559643824 0.9771440306003324 0.9849041887100933 1.0020509965446536 1.029401962937284 1.0420854057376185 1.0524944029479006 1.0772851580153235 1.1374655779890797 1.2272271258504923
27 270 -0.20011461633740577 -0.031117117131751658 0.07940781158948168 0.23946831350990178 0.8457627661335928 0.8804212771753831 0.9112888961870604 0.917973160910887 0.9352099880168457 0.9398426255059925 0.9673335559643824 0.9771440306003324 0.9849041887100933 1.0020509965446536 1.029401962937284 1.0420854057376185 1.0524944029479006 1.0772851580153235 1.1374655779890797 1.2272271258504923
28 280 -0.20422709847572681 -0.03290524961831871 0.07800110798125498 0.2501077511582453 0.8457627661335928 0.8804212771753831 0.9112888961870604 0.917973160910887 0.9352099880168457 0.9398426255059925 0.9673335559643824 0.9771440306003324 0.9849041887100933 1.0020509965446536 1.029401962937284 1.0420854057376185 1.0524944029479006 1.0772851580153235 1.1374655779890797 1.2272271258504923
29 290 -0.20126915035372084 -0.033697331296729 0.08251743558836247 0.24283975359383259 0.8457627661335928 0.8804212771753831 0.9112888961870604 0.917973160910887 0.9352099880168457 0.9398426255059925 0.9673335559643824 0.9771440306003324 0.9849041887100933 1.0020509965446536 1.029401962937284 1.0420854057376185 1.0524944029479006 1.0772851580153235 1.1374655779890797 1.2272271258504923
30 300 -0.19995558862148644 -0.037330414787285604 0.07794996604032603 0.24556513979262923 0.8457627661335928 0.8804212771753831 0.9112888961870604 0.917973160910887 0.9352099880168457 0.9398426255059925 0.9673335559643824 0.9771440306003324 0.9849041887100933 1.0020509965446536 1.029401962937284 1.0420854057376185 1.0524944029479006 1.0772851580153235 1.1374655779890797 1.2272271258504923
31 310 -0.22212145847140463 -0.04198263543612478 0.0781877174083507 0.23459924153322512 0.8457627661335928 0.8804212771753831 0.9112888961870604 0.917973160910887 0.9352099880168457 0.9398426255059925 0.9673335559643824 0.9771440306003324 0.9849041887100933 1.0020509965446536 1.029401962937284 1.0420854057376185 1.0524944029479006 1.0772851580153235 1.1374655779890797 1.2272271258504923
32 320 -0.2178344160102455 -0.03826388674602093 0.07728251247749382 0.2335345927819719 0.8457627661335928 0.8804212771753831 0.9112888961870604 0.917973160910887 0.9352099880168457 0.9398426255059925 0.9673335559643824 0.9771440306003324 0.9849041887100933 1.0020509965446536 1.029401962937284 1.0420854057376185 1.0524944029479006 1.0772851580153235 1.1374655779890797 1.2272271258504923
33 330 -0.21087292435845412 -0.035455288848951154 0.07440412060755075 0.2511712044793768 0.7768837164015289 0.8152058758793167 0.8357366078847255 0.8630630744254568 0.8922294971642081 0.8955278843415657 0.9327214655990937 0.946576010429525 0.9617606045697895 0.985352311881605 1.0131549943864382 1.0441718106858626 1.1090164173140078 1.1190090795152061 1.2315545401568497 1.383124220223535
34 340 -0.21998621622753645 -0.03807261810469307 0.07507774480358892 0.25421767552312846 0.7768837164015289 0.8152058758793167 0.8357366078847255 0.8630630744254568 0.8922294971642081 0.8955278843415657 0.9327214655990937 0.946576010429525 0.9617606045697895 0.985352311881605 1.0131549943864382 1.0441718106858626 1.1090164173140078 1.1190090795152061 1.2315545401568497 1.383124220223535
35 350 -0.2194724126045024 -0.04220153886228062 0.08436369494021875 0.24718859089909345 0.7768837164015289 0.8152058758793167 0.8357366078847255 0.8630630744254568 0.8922294971642081 0.8955278843415657 0.9327214655990937 0.946576010429525 0.9617606045697895 0.985352311881605 1.0131549943864382 1.0441718106858626 1.1090164173140078 1.1190090795152061 1.2315545401568497 1.383124220223535
36 360 -0.1924143383170777 -0.04338987558233205 0.08588363418478162 0.24470135062291767 0.7768837164015289 0.8152058758793167 0.8357366078847255 0.8630630744254568 0.8922294971642081 0.8955278843415657 0.9327214655990937 0.946576010429525 0.9617606045697895 0.985352311881605 1.0131549943864382 1.0441718106858626 1.1090164173140078 1.1190090795152061 1.2315545401568497 1.383124220223535
37 370 -0.19478534724038696 -0.04331506585110476 0.08446147974718779 0.24324397975080508 0.7768837164015289 0.8152058758793167 0.8357366078847255 0.8630630744254568 0.8922294971642081 0.8955278843415657 0.9327214655990937 0.946576010429525 0.9617606045697895 0.985352311881605 1.0131549943864382 1.0441718106858626 1.1090164173140078 1.1190090795152061 1.2315545401568497 1.383124220223535
38 380 -0.18764591257988994 -0.04953379209095674 0.08958862586153366 0.2270218361339551 0.7768837164015289 0.8152058758793167 0.8357366078847255 0.8630630744254568 0.8922294971642081 0.8955278843415657 0.9327214655990937 0.946576010429525 0.9617606045697895 0.985352311881605 1.0131549943864382 1.0441718106858626 1.1090164173140078 1.1190090795152061 1.2315545401568497 1.383124220223535
39 390 -0.1724329694869907 -0.06185128139212376 0.09193724518870318 0.22890654354119358 0.7768837164015289 0.8152058758793167 0.8357366078847255 0.8630630744254568 0.8922294971642081 0.8955278843415657 0.9327214655990937 0.946576010429525 0.9617606045697895 0.985352311881605 1.0131549943864382 1.0441718106858626 1.1090164173140078 1.1190090795152061 1.2315545401568497 1.383124220223535
40 400 -0.1740324434214361 -0.05739962499002462 0.0970674985817975 0.23906285895036916 0.7768837164015289 0.8152058758793167 0.8357366078847255 0.8630630744254568 0.8922294971642081 0.8955278843415657 0.9327214655990937 0.946576010429525 0.9617606045697895 0.985352311881605 1.0131549943864382 1.0441718106858626 1.1090164173140078 1.1190090795152061 1.2315545401568497 1.383124220223535
41 410 -0.17989041486056115 -0.06590351812995518 0.09674396155610882 0.25141210914603196 0.7768837164015289 0.8152058758793167 0.8357366078847255 0.8630630744254568 0.8922294971642081 0.8955278843415657 0.9327214655990937 0.946576010429525 0.9617606045697895 0.985352311881605 1.0131549943864382 1.0441718106858626 1.1090164173140078 1.1190090795152061 1.2315545401568497 1.383124220223535
42 420 -0.18366799278798301 -0.057724044728217 0.09614211811897515 0.2454901440577943 0.7768837164015289 0.8152058758793167 0.8357366078847255 0.8630630744254568 0.8922294971642081 0.8955278843415657 0.9327214655990937 0.946576010429525 0.9617606045697895 0.985352311881605 1.0131549943864382 1.0441718106858626 1.1090164173140078 1.1190090795152061 1.2315545401568497 1.383124220223535
43 430 -0.205326495218476 -0.05636891763187881 0.10150172117303771 0.25294547966057346 0.7768837164015289 0.8152058758793167 0.8357366078847255 0.8630630744254568 0.8922294971642081 0.8955278843415657 0.9327214655990937 0.946576010429525 0.9617606045697895 0.985352311881605 1.0131549943864382 1.0441718106858626 1.1090164173140078 1.1190090795152061 1.2315545401568497 1.383124220223535
44 440 -0.21366362913433035 -0.051042186092221914 0.09316597902676083 0.26122881727863667 0.7768837164015289 0.8152058758793167 0.8357366078847255 0.8630630744254568 0.8922294971642081 0.8955278843415657 0.9327214655990937 0.946576010429525 0.9617606045697895 0.985352311881605 1.0131549943864382 1.0441718106858626 1.1090164173140078 1.1190090795152061 1.2315545401568497 1.383124220223535
45 450 -0.21770168822084432 -0.060824536882503874 0.09798673461045435 0.25839578670809654 0.7768837164015289 0.8152058758793167 0.8357366078847255 0.8630630744254568 0.8922294971642081 0.8955278843415657 0.9327214655990937 0.946576010429525 0.9617606045697895 0.985352311881605 1.0131549943864382 1.0441718106858626 1.1090164173140078 1.1190090795152061 1.2315545401568497 1.383124220223535
46 460 -0.23092141788049284 -0.05890364667282593 0.09528764930837064 0.2634372187116573 0.7768837164015289 0.8152058758793167 0.8357366078847255 0.8630630744254568 0.8922294971642081 0.8955278843415657 0.9327214655990937 0.946576010429525 0.9617606045697895 0.985352311881605 1.0131549943864382 1.0441718106858626 1.1090164173140078 1.1190090795152061 1.2315545401568497 1.383124220223535
47 470 -0.22180035700560244 -0.06056504497237583 0.10010406888013328 0.26393964124172925 0.7768837164015289 0.8152058758793167 0.8357366078847255 0.8630630744254568 0.8922294971642081 0.8955278843415657 0.9327214655990937 0.946576010429525 0.9617606045697895 0.985352311881605 1.0131549943864382 1.0441718106858626 1.1090164173140078 1.1190090795152061 1.2315545401568497 1.383124220223535
48 480 -0.2077536289083539 -0.06400613851130632 0.09734223433624499 0.258139076973882 0.7768837164015289 0.8152058758793167 0.8357366078847255 0.8630630744254568 0.8922294971642081 0.8955278843415657 0.9327214655990937 0.946576010429525 0.9617606045697895 0.985352311881605 1.0131549943864382 1.0441718106858626 1.1090164173140078 1.1190090795152061 1.2315545401568497 1.383124220223535
49 490 -0.19995834592711237 -0.06909852357057536 0.09121633878978551 0.2670097124549761 0.7417856040283796 0.7551162616557208 0.7841072811367548 0.8243207999338662 0.8569813922312005 0.8907579843493895 0.9081115804899305 0.9233830378420349 0.9458789243722008 0.9990973138597111 1.0139045284484283 1.0376190497481945 1.1032307726667678 1.176900825360333 1.2259119596119807 1.5091199019437875
50 500 -0.21013182715795548 -0.07215463816746769 0.08661281087213873 0.2631469206790288 0.7417856040283796 0.7551162616557208 0.7841072811367548 0.8243207999338662 0.8569813922312005 0.8907579843493895 0.9081115804899305 0.9233830378420349 0.9458789243722008 0.9990973138597111 1.0139045284484283 1.0376190497481945 1.1032307726667678 1.176900825360333 1.2259119596119807 1.5091199019437875
51 510 -0.22986273712017485 -0.07827673193408537 0.09062013610435321 0.25045461912890776 0.7417856040283796 0.7551162616557208 0.7841072811367548 0.8243207999338662 0.8569813922312005 0.8907579843493895 0.9081115804899305 0.9233830378420349 0.9458789243722008 0.9990973138597111 1.0139045284484283 1.0376190497481945 1.1032307726667678 1.176900825360333 1.2259119596119807 1.5091199019437875
52 520 -0.22138829659309495 -0.07840595203903894 0.0895084003034955 0.26519673816059935 0.7417856040283796 0.7551162616557208 0.7841072811367548 0.8243207999338662 0.8569813922312005 0.8907579843493895 0.9081115804899305 0.9233830378420349 0.9458789243722008 0.9990973138597111 1.0139045284484283 1.0376190497481945 1.1032307726667678 1.176900825360333 1.2259119596119807 1.5091199019437875
53 530 -0.22225689477827926 -0.06875250169874755 0.08950175693141663 0.26386443253521785 0.7417856040283796 0.7551162616557208 0.7841072811367548 0.8243207999338662 0.8569813922312005 0.8907579843493895 0.9081115804899305 0.9233830378420349 0.9458789243722008 0.9990973138597111 1.0139045284484283 1.0376190497481945 1.1032307726667678 1.176900825360333 1.2259119596119807 1.5091199019437875
54 540 -0.22630895994482192 -0.07843920082623908 0.08791555381318056 0.27736224925929026 0.7417856040283796 0.7551162616557208 0.7841072811367548 0.8243207999338662 0.8569813922312005 0.8907579843493895 0.9081115804899305 0.9233830378420349 0.9458789243722008 0.9990973138597111 1.0139045284484283 1.0376190497481945 1.1032307726667678 1.176900825360333 1.2259119596119807 1.5091199019437875
55 550 -0.22064364641409573 -0.07507921578568708 0.08283389525876762 0.27102706813528615 0.7417856040283796 0.7551162616557208 0.7841072811367548 0.8243207999338662 0.8569813922312005 0.8907579843493895 0.9081115804899305 0.9233830378420349 0.9458789243722008 0.9990973138597111 1.0139045284484283 1.0376190497481945 1.1032307726667678 1.176900825360333 1.2259119596119807 1.5091199019437875
56 560 -0.24945578787196634 -0.0735965309014416 0.08967151929666384 0.26490181027659165 0.7417856040283796 0.7551162616557208 0.7841072811367548 0.8243207999338662 0.8569813922312005 0.8907579843493895 0.9081115804899305 0.9233830378420349 0.9458789243722008 0.9990973138597111 1.0139045284484283 1.0376190497481945 1.1032307726667678 1.176900825360333 1.2259119596119807 1.5091199019437875
57 570 -0.2401433354138903 -0.08096416974211379 0.09006694911642225 0.27111176964434935 0.7417856040283796 0.7551162616557208 0.7841072811367548 0.8243207999338662 0.8569813922312005 0.8907579843493895 0.9081115804899305 0.9233830378420349 0.9458789243722008 0.9990973138597111 1.0139045284484283 1.0376190497481945 1.1032307726667678 1.176900825360333 1.2259119596119807 1.5091199019437875
58 580 -0.26541545762615604 -0.08489654828003093 0.09032511122363435 0.26218387478125976 0.7417856040283796 0.7551162616557208 0.7841072811367548 0.8243207999338662 0.8569813922312005 0.8907579843493895 0.9081115804899305 0.9233830378420349 0.9458789243722008 0.9990973138597111 1.0139045284484283 1.0376190497481945 1.1032307726667678 1.176900825360333 1.2259119596119807 1.5091199019437875
59 590 -0.2641871394454654 -0.08233414532334532 0.0913294327541483 0.2702022451292101 0.7417856040283796 0.7551162616557208 0.7841072811367548 0.8243207999338662 0.8569813922312005 0.8907579843493895 0.9081115804899305 0.9233830378420349 0.9458789243722008 0.9990973138597111 1.0139045284484283 1.0376190497481945 1.1032307726667678 1.176900825360333 1.2259119596119807 1.5091199019437875
60 600 -0.2445240950436804 -0.07697076956147605 0.09317407171886433 0.2718824935372351 0.7417856040283796 0.7551162616557208 0.7841072811367548 0.8243207999338662 0.8569813922312005 0.8907579843493895 0.9081115804899305 0.9233830378420349 0.9458789243722008 0.9990973138597111 1.0139045284484283 1.0376190497481945 1.1032307726667678 1.176900825360333 1.2259119596119807 1.5091199019437875
61 610 -0.24634178384722505 -0.07340616825903687 0.09317359215234941 0.28578306619071153 0.7417856040283796 0.7551162616557208 0.7841072811367548 0.8243207999338662 0.8569813922312005 0.8907579843493895 0.9081115804899305 0.9233830378420349 0.9458789243722008 0.9990973138597111 1.0139045284484283 1.0376190497481945 1.1032307726667678 1.176900825360333 1.2259119596119807 1.5091199019437875
62 620 -0.2456849130985602 -0.07496634946847977 0.09020336590256844 0.2784030352513335 0.7417856040283796 0.7551162616557208 0.7841072811367548 0.8243207999338662 0.8569813922312005 0.8907579843493895 0.9081115804899305 0.9233830378420349 0.9458789243722008 0.9990973138597111 1.0139045284484283 1.0376190497481945 1.1032307726667678 1.176900825360333 1.2259119596119807 1.5091199019437875
63 630 -0.24994558181702042 -0.07408401146778529 0.0868367115339164 0.2820249841831306 0.7417856040283796 0.7551162616557208 0.7841072811367548 0.8243207999338662 0.8569813922312005 0.8907579843493895 0.9081115804899305 0.9233830378420349 0.9458789243722008 0.9990973138597111 1.0139045284484283 1.0376190497481945 1.1032307726667678 1.176900825360333 1.2259119596119807 1.5091199019437875
64 640 -0.278390935672344 -0.08055006582711197 0.08481623191296218 0.27902567356894553 0.7417856040283796 0.7551162616557208 0.7841072811367548 0.8243207999338662 0.8569813922312005 0.8907579843493895 0.9081115804899305 0.9233830378420349 0.9458789243722008 0.9990973138597111 1.0139045284484283 1.0376190497481945 1.1032307726667678 1.176900825360333 1.2259119596119807 1.5091199019437875
65 650 -0.27002762345273806 -0.07867233234840076 0.0812265907751199 0.25783081457012835 0.688916205900577 0.7308607193007082 0.7687149629853672 0.7834884571012568 0.8284541713209361 0.8734502568618536 0.885592795646972 0.9240249182704297 0.9587243488736685 0.9739630898248646 1.0359444540219493 1.0835700938365807 1.1013951353966998 1.191877819890521 1.2853634167001162 1.5159971196116875
66 660 -0.27618024088885185 -0.08043764352361973 0.07877951623533583 0.2560055350150661 0.688916205900577 0.7308607193007082 0.7687149629853672 0.7834884571012568 0.8284541713209361 0.8734502568618536 0.885592795646972 0.9240249182704297 0.9587243488736685 0.9739630898248646 1.0359444540219493 1.0835700938365807 1.1013951353966998 1.191877819890521 1.2853634167001162 1.5159971196116875
67 670 -0.26319017526602423 -0.08317204345790849 0.0806142866969891 0.2638274602844082 0.688916205900577 0.7308607193007082 0.7687149629853672 0.7834884571012568 0.8284541713209361 0.8734502568618536 0.885592795646972 0.9240249182704297 0.9587243488736685 0.9739630898248646 1.0359444540219493 1.0835700938365807 1.1013951353966998 1.191877819890521 1.2853634167001162 1.5159971196116875
68 680 -0.2658661547358543 -0.0753724564085925 0.08687949331521164 0.2944398501188606 0.688916205900577 0.7308607193007082 0.7687149629853672 0.7834884571012568 0.8284541713209361 0.8734502568618536 0.885592795646972 0.9240249182704297 0.9587243488736685 0.9739630898248646 1.0359444540219493 1.0835700938365807 1.1013951353966998 1.191877819890521 1.2853634167001162 1.5159971196116875
69 690 -0.2726250143785827 -0.07104450966844816 0.07712803609463659 0.30824899446539433 0.688916205900577 0.7308607193007082 0.7687149629853672 0.7834884571012568 0.8284541713209361 0.8734502568618536 0.885592795646972 0.9240249182704297 0.9587243488736685 0.9739630898248646 1.0359444540219493 1.0835700938365807 1.1013951353966998 1.191877819890521 1.2853634167001162 1.5159971196116875
70 700 -0.2959320673727633 -0.08103898597240089 0.08388251363131957 0.3408306252741751 0.688916205900577 0.7308607193007082 0.7687149629853672 0.7834884571012568 0.8284541713209361 0.8734502568618536 0.885592795646972 0.9240249182704297 0.9587243488736685 0.9739630898248646 1.0359444540219493 1.0835700938365807 1.1013951353966998 1.191877819890521 1.2853634167001162 1.5159971196116875
71 710 -0.3092695194542634 -0.08459109139808954 0.08281410073550104 0.354713216325475 0.688916205900577 0.7308607193007082 0.7687149629853672 0.7834884571012568 0.8284541713209361 0.8734502568618536 0.885592795646972 0.9240249182704297 0.9587243488736685 0.9739630898248646 1.0359444540219493 1.0835700938365807 1.1013951353966998 1.191877819890521 1.2853634167001162 1.5159971196116875
72 720 -0.31555649648916784 -0.09171192870296127 0.07399321091488546 0.36018920663269693 0.688916205900577 0.7308607193007082 0.7687149629853672 0.7834884571012568 0.8284541713209361 0.8734502568618536 0.885592795646972 0.9240249182704297 0.9587243488736685 0.9739630898248646 1.0359444540219493 1.0835700938365807 1.1013951353966998 1.191877819890521 1.2853634167001162 1.5159971196116875
73 730 -0.31581530742232505 -0.0904214080441446 0.07453690584492054 0.35643658966276426 0.688916205900577 0.7308607193007082 0.7687149629853672 0.7834884571012568 0.8284541713209361 0.8734502568618536 0.885592795646972 0.9240249182704297 0.9587243488736685 0.9739630898248646 1.0359444540219493 1.0835700938365807 1.1013951353966998 1.191877819890521 1.2853634167001162 1.5159971196116875
74 740 -0.31926007721776867 -0.09675369155665371 0.07592020392285509 0.35029650577806803 0.688916205900577 0.7308607193007082 0.7687149629853672 0.7834884571012568 0.8284541713209361 0.8734502568618536 0.885592795646972 0.9240249182704297 0.9587243488736685 0.9739630898248646 1.0359444540219493 1.0835700938365807 1.1013951353966998 1.191877819890521 1.2853634167001162 1.5159971196116875
75 750 -0.3146247128206164 -0.10070364989859809 0.07595843487048173 0.35267066878749276 0.688916205900577 0.7308607193007082 0.7687149629853672 0.7834884571012568 0.8284541713209361 0.8734502568618536 0.885592795646972 0.9240249182704297 0.9587243488736685 0.9739630898248646 1.0359444540219493 1.0835700938365807 1.1013951353966998 1.191877819890521 1.2853634167001162 1.5159971196116875
76 760 -0.3078805062333779 -0.09728483246787503 0.07141366554499257 0.3512357554555153 0.688916205900577 0.7308607193007082 0.7687149629853672 0.7834884571012568 0.8284541713209361 0.8734502568618536 0.885592795646972 0.9240249182704297 0.9587243488736685 0.9739630898248646 1.0359444540219493 1.0835700938365807 1.1013951353966998 1.191877819890521 1.2853634167001162 1.5159971196116875
77 770 -0.30451674823071057 -0.09517435562808589 0.07587523778561056 0.3489149644892122 0.688916205900577 0.7308607193007082 0.7687149629853672 0.7834884571012568 0.8284541713209361 0.8734502568618536 0.885592795646972 0.9240249182704297 0.9587243488736685 0.9739630898248646 1.0359444540219493 1.0835700938365807 1.1013951353966998 1.191877819890521 1.2853634167001162 1.5159971196116875
78 780 -0.2969435555817636 -0.09171535901772424 0.07259322395182627 0.35938898816829956 0.688916205900577 0.7308607193007082 0.7687149629853672 0.7834884571012568 0.8284541713209361 0.8734502568618536 0.885592795646972 0.9240249182704297 0.9587243488736685 0.9739630898248646 1.0359444540219493 1.0835700938365807 1.1013951353966998 1.191877819890521 1.2853634167001162 1.5159971196116875
79 790 -0.32194498564700635 -0.087791450362317 0.07013064481891523 0.34832935455429054 0.688916205900577 0.7308607193007082 0.7687149629853672 0.7834884571012568 0.8284541713209361 0.8734502568618536 0.885592795646972 0.9240249182704297 0.9587243488736685 0.9739630898248646 1.0359444540219493 1.0835700938365807 1.1013951353966998 1.191877819890521 1.2853634167001162 1.5159971196116875
80 800 -0.31683390892073016 -0.09543398319604529 0.07313396733780636 0.34283325512117135 0.688916205900577 0.7308607193007082 0.7687149629853672 0.7834884571012568 0.8284541713209361 0.8734502568618536 0.885592795646972 0.9240249182704297 0.9587243488736685 0.9739630898248646 1.0359444540219493 1.0835700938365807 1.1013951353966998 1.191877819890521 1.2853634167001162 1.5159971196116875
81 810 -0.32156348174105515 -0.09960175135570395 0.07319813563466013 0.34759310439861635 0.6409746634142167 0.7297482314754405 0.7449454203467455 0.7666655444283521 0.8039317047652529 0.85180630590713 0.8910300536254316 0.8996210991640791 0.9329653403900693 0.9918948952499724 1.0354252296552642 1.1037715762914826 1.1171143852651793 1.2037648374980272 1.354945730247507 1.5037277818370889
82 820 -0.31842517263589787 -0.1003647226424606 0.07974418762152724 0.3459747963087277 0.6409746634142167 0.7297482314754405 0.7449454203467455 0.7666655444283521 0.8039317047652529 0.85180630590713 0.8910300536254316 0.8996210991640791 0.9329653403900693 0.9918948952499724 1.0354252296552642 1.1037715762914826 1.1171143852651793 1.2037648374980272 1.354945730247507 1.5037277818370889
83 830 -0.3362787384656444 -0.101300094655496 0.08968027314561297 0.33742445756512485 0.6409746634142167 0.7297482314754405 0.7449454203467455 0.7666655444283521 0.8039317047652529 0.85180630590713 0.8910300536254316 0.8996210991640791 0.9329653403900693 0.9918948952499724 1.0354252296552642 1.1037715762914826 1.1171143852651793 1.2037648374980272 1.354945730247507 1.5037277818370889
84 840 -0.3393753569818999 -0.09535927292571988 0.08252046599924111 0.34892028281544435 0.6409746634142167 0.7297482314754405 0.7449454203467455 0.7666655444283521 0.8039317047652529 0.85180630590713 0.8910300536254316 0.8996210991640791 0.9329653403900693 0.9918948952499724 1.0354252296552642 1.1037715762914826 1.1171143852651793 1.2037648374980272 1.354945730247507 1.5037277818370889
85 850 -0.33424122059761197 -0.10166978535866586 0.08848219813442604 0.3479449943303162 0.6409746634142167 0.7297482314754405 0.7449454203467455 0.7666655444283521 0.8039317047652529 0.85180630590713 0.8910300536254316 0.8996210991640791 0.9329653403900693 0.9918948952499724 1.0354252296552642 1.1037715762914826 1.1171143852651793 1.2037648374980272 1.354945730247507 1.5037277818370889
86 860 -0.3409850908774391 -0.10341449305317682 0.09118088692499918 0.3325670147122659 0.6409746634142167 0.7297482314754405 0.7449454203467455 0.7666655444283521 0.8039317047652529 0.85180630590713 0.8910300536254316 0.8996210991640791 0.9329653403900693 0.9918948952499724 1.0354252296552642 1.1037715762914826 1.1171143852651793 1.2037648374980272 1.354945730247507 1.5037277818370889
87 870 -0.3510262475272865 -0.10347733762793299 0.0938453865502959 0.34056121831035585 0.6409746634142167 0.7297482314754405 0.7449454203467455 0.7666655444283521 0.8039317047652529 0.85180630590713 0.8910300536254316 0.8996210991640791 0.9329653403900693 0.9918948952499724 1.0354252296552642 1.1037715762914826 1.1171143852651793 1.2037648374980272 1.354945730247507 1.5037277818370889
88 880 -0.3450464211753418 -0.1014119376125146 0.09052699976233926 0.3489220786326283 0.6409746634142167 0.7297482314754405 0.7449454203467455 0.7666655444283521 0.8039317047652529 0.85180630590713 0.8910300536254316 0.8996210991640791 0.9329653403900693 0.9918948952499724 1.0354252296552642 1.1037715762914826 1.1171143852651793 1.2037648374980272 1.354945730247507 1.5037277818370889
89 890 -0.35276638406108557 -0.09644694280659172 0.08773654572025794 0.32935574378081117 0.6409746634142167 0.7297482314754405 0.7449454203467455 0.7666655444283521 0.8039317047652529 0.85180630590713 0.8910300536254316 0.8996210991640791 0.9329653403900693 0.9918948952499724 1.0354252296552642 1.1037715762914826 1.1171143852651793 1.2037648374980272 1.354945730247507 1.5037277818370889
90 900 -0.34672383419545405 -0.10550469821238494 0.0968607060191218 0.3435828936430957 0.6409746634142167 0.7297482314754405 0.7449454203467455 0.7666655444283521 0.8039317047652529 0.85180630590713 0.8910300536254316 0.8996210991640791 0.9329653403900693 0.9918948952499724 1.0354252296552642 1.1037715762914826 1.1171143852651793 1.2037648374980272 1.354945730247507 1.5037277818370889
91 910 -0.3712177169064809 -0.10225511871907474 0.10896297140155527 0.36017163880559155 0.6409746634142167 0.7297482314754405 0.7449454203467455 0.7666655444283521 0.8039317047652529 0.85180630590713 0.8910300536254316 0.8996210991640791 0.9329653403900693 0.9918948952499724 1.0354252296552642 1.1037715762914826 1.1171143852651793 1.2037648374980272 1.354945730247507 1.5037277818370889
92 920 -0.38889104646467265 -0.10585176751687646 0.10677795124921849 0.37067492370148847 0.6409746634142167 0.7297482314754405 0.7449454203467455 0.7666655444283521 0.8039317047652529 0.85180630590713 0.8910300536254316 0.8996210991640791 0.9329653403900693 0.9918948952499724 1.0354252296552642 1.1037715762914826 1.1171143852651793 1.2037648374980272 1.354945730247507 1.5037277818370889
93 930 -0.4001022800488232 -0.10312072126528164 0.10518239679487604 0.3890374293858525 0.6409746634142167 0.7297482314754405 0.7449454203467455 0.7666655444283521 0.8039317047652529 0.85180630590713 0.8910300536254316 0.8996210991640791 0.9329653403900693 0.9918948952499724 1.0354252296552642 1.1037715762914826 1.1171143852651793 1.2037648374980272 1.354945730247507 1.5037277818370889
94 940 -0.39352906693286693 -0.1032149747632942 0.10277207257716785 0.39885922633720694 0.6409746634142167 0.7297482314754405 0.7449454203467455 0.7666655444283521 0.8039317047652529 0.85180630590713 0.8910300536254316 0.8996210991640791 0.9329653403900693 0.9918948952499724 1.0354252296552642 1.1037715762914826 1.1171143852651793 1.2037648374980272 1.354945730247507 1.5037277818370889
95 950 -0.4062206365729243 -0.10505130891538916 0.10759105890560763 0.39730866827325834 0.6409746634142167 0.7297482314754405 0.7449454203467455 0.7666655444283521 0.8039317047652529 0.85180630590713 0.8910300536254316 0.8996210991640791 0.9329653403900693 0.9918948952499724 1.0354252296552642 1.1037715762914826 1.1171143852651793 1.2037648374980272 1.354945730247507 1.5037277818370889
96 960 -0.402160442290723 -0.10074296276860614 0.10733690771337442 0.3953549685914061 0.6409746634142167 0.7297482314754405 0.7449454203467455 0.7666655444283521 0.8039317047652529 0.85180630590713 0.8910300536254316 0.8996210991640791 0.9329653403900693 0.9918948952499724 1.0354252296552642 1.1037715762914826 1.1171143852651793 1.2037648374980272 1.354945730247507 1.5037277818370889
97 970 -0.39767215219875157 -0.09980017950902972 0.09982688976855875 0.386346696901057 0.6010066788922075 0.6763659650089752 0.719840541309984 0.7610358253495163 0.778392429835173 0.7803339705052018 0.8318886768235142 0.8590372801083834 0.9131011236997642 0.9814533340693381 1.0123752250109546 1.0382752864599623 1.164034044637565 1.247942191013026 1.3632215690453204 1.6638939058996844
98 980 -0.4011961251844677 -0.11074612454991625 0.09873328425852632 0.386750606015821 0.6010066788922075 0.6763659650089752 0.719840541309984 0.7610358253495163 0.778392429835173 0.7803339705052018 0.8318886768235142 0.8590372801083834 0.9131011236997642 0.9814533340693381 1.0123752250109546 1.0382752864599623 1.164034044637565 1.247942191013026 1.3632215690453204 1.6638939058996844
99 990 -0.4237229102900757 -0.11054583387155306 0.10516785430531514 0.3933619416727567 0.6010066788922075 0.6763659650089752 0.719840541309984 0.7610358253495163 0.778392429835173 0.7803339705052018 0.8318886768235142 0.8590372801083834 0.9131011236997642 0.9814533340693381 1.0123752250109546 1.0382752864599623 1.164034044637565 1.247942191013026 1.3632215690453204 1.6638939058996844
100 1000 -0.41277966064464444 -0.108462347920942 0.11388119210915836 0.38796449124420057 0.6010066788922075 0.6763659650089752 0.719840541309984 0.7610358253495163 0.778392429835173 0.7803339705052018 0.8318886768235142 0.8590372801083834 0.9131011236997642 0.9814533340693381 1.0123752250109546 1.0382752864599623 1.164034044637565 1.247942191013026 1.3632215690453204 1.6638939058996844
