% # columns="iter, evals, sigma, 0, fitness, xbest" seed=150368, Wed May 29 13:19:38 2024, <python>{}</python>
1 10 0.2344781786643559 0 6.341590907702023 0.4924703126311186 0.47238973883704594 0.9515188234755141 0.15121421129841672 0.9999475016671746 0.890950493616361 0.9999695958997632 0.9285135109739799 0.739988675188737 0.7106234740302539 0.5395550185719454 0.6843300878690602 0.4832586227458474 0.9299098353841079 0.8561707587780053 0.6611766924506417
2 20 0.21724141157405302 0 6.548460734973723 0.40437166588887374 0.9642218002135673 0.6306482329389449 0.6335614089856021 0.9444628582122735 0.9871066678589412 0.9745925232951003 0.7108418318225245 0.5143228017394508 0.3963149775886666 0.48303925061340264 0.6992138926640424 0.32779882089702284 0.8137412015455266 0.908215955600361 0.9180405384856304
3 30 0.20831814095161597 0 6.802598589373757 0.3382773472521402 0.5403059401112079 0.9995398005422488 0.7549083566567211 0.9071523071296992 0.8703933979452316 0.9953012596043502 0.9198944898161566 0.3445388159751813 0.32482743111512724 0.6259093331097249 0.8703557357666918 0.868591226623498 0.4988254321120323 0.9937662966201964 0.9393247585232045
4 40 0.20218461582298625 0 4.279157866165284 0.31674964646012216 0.684475659325063 0.527985400217269 0.6931283088202256 0.6797711290143599 0.4771234296747555 0.5975605785639322 0.7779538722677964 0.34220334956384246 0.11585601442814866 0.42886481415542765 0.9523250017378451 0.6123017189675335 0.6911506806393607 0.9060016424458188 0.6925366298795084
5 50 0.19980149805633934 0 5.641453455708725 0.31343554132157914 0.8654264923731079 0.8011305349234327 0.5982812167764542 0.9987222007819367 0.6669453188345609 0.6878275953119379 0.8129959676790324 0.6091558026899849 0.14981220994693795 0.4202457041604096 0.6874471811452542 0.7816839961205044 0.8728187212539742 0.9898212091909494 0.6651729524663802
6 60 0.19488926135112922 0 6.540630293222993 0.34838675831901555 0.37814683801057064 0.331601232795634 0.7158748974361385 0.9799531385809328 0.540380540003555 0.7792052900978574 0.6590919389714384 0.61127663184042 0.24329954347307894 0.2204350964224298 0.7510247478987031 0.4353501989847166 0.9948057735589939 0.9973736890687318 0.9977674399724515
7 70 0.1943080452204393 0 6.096174181977736 0.4697702466898496 0.695900197827876 0.325031246326864 0.5029645450838917 0.791280364074038 0.47142130240102237 0.9004039909495315 0.7160282018300211 0.3662552901135663 0.3248793011631442 0.36061515879696304 0.7843768807835115 0.5306497843016549 0.694513101199883 0.9903547011834567 0.7276979204975185
8 80 0.1965907937623621 0 5.430652894981832 0.6482659973202332 0.4576271232089101 0.2671112628363494 0.6174639093262422 0.8398088765821594 0.1957988000339312 0.6709343227117031 0.4459281244104809 0.10039043747878512 0.2203614366380478 0.7077634915548794 0.6805878560156161 0.5126245036516663 0.8280749698259564 0.9561120232329586 0.5876349333069621
9 90 0.19304705680020062 0 4.631410776743213 0.5928133902419617 0.5651591528865756 0.3901285894773281 0.0365620551372252 0.6806602748602927 0.46800359568778926 0.8731658238107474 0.7842462799476051 0.22001984240740277 0.5067993858555704 0.42635160685539725 0.9861082912214189 0.3376710062461235 0.730641227937608 0.8886899574943486 0.9797368235490671
10 100 0.19683308633359234 0 5.331134718549902 0.8083989315510745 0.25290176463288294 0.2348580210727643 0.4670398889421221 0.2205824421175543 0.2591326453193028 0.7643460869780911 0.49247172665827066 0.08529864067746873 0.2725871017969809 0.3736140766031529 0.8567664443241201 0.40451085359911065 0.9588950955299631 0.7637800838433141 0.945154475664502
11 110 0.1923544864060136 0 5.279762837209375 0.45529611130330827 0.46592809891792075 0.0001617215273569904 0.4321764225084699 0.7470756230240763 0.20682996897750267 0.6498405013378832 0.5709318900281101 0.10011070772199203 0.5070128581986091 0.24468148220925848 0.9915640456011682 0.47068618513751237 0.9006429914023966 0.8727049213430653 0.8444916876070505
12 120 0.18255270900309328 0 4.879831751788919 0.5839077691662217 0.6041524801363107 0.36159058534916844 0.3353786492211581 0.5783037126643605 0.2500460305285381 0.7646950535283019 0.4750142267845939 0.01370147128190659 0.33376878168381097 0.3701352992307913 0.9418079244227141 0.34947850493186383 0.9851917098585604 0.9082778516101901 0.5452736058052379
13 130 0.1751123280042207 0 4.887660312303764 0.4725980545865357 0.4523796001256622 0.2671329408974352 0.6571195248796113 0.7014644107963532 0.43608424090223996 0.5614967644991702 0.6338174384259577 0.0060327957208323405 0.6551527633405204 0.5825140692085633 0.8779710025586733 0.41817051842382646 0.9746737730274427 0.7124197057585142 0.6373316005759985
14 140 0.16768089434143574 0 4.812980624266657 0.6440396501290794 0.47785178356366836 0.3131043547883643 0.2868633688708451 0.6301612450266123 0.19846464667896202 0.5279962383400694 0.6029333404542598 0.003955278519158794 0.6096129568327864 0.5660318162980955 0.7932006852665164 0.5464598477193834 0.9885763466696176 0.8457491865545905 0.9592394777123758
15 150 0.15852763072380685 0 4.703579866367004 0.7025972479477353 0.47960532284625906 0.2039278348832509 0.12394878267361487 0.4718761810228815 0.12354915305480182 0.8113649964285381 0.6981655698154059 0.030238937422021942 0.4453962694111854 0.5457250751914574 0.8775680950297716 0.49208566919416874 0.9931947839789835 0.7480884223844879 0.9503514830955812
16 160 0.15506469990222851 0 6.0116195671629455 0.5348729989841238 0.6970780472642624 0.20485188070227714 0.35817269477468866 0.5614112543520661 0.5201893158468146 0.8676990673090914 0.618214664484339 0.1263721814972497 0.36041589987060485 0.5564557101152622 0.9418293646508409 0.6072128560964298 0.7746479583738339 0.6631072366134564 0.561116970301517
17 170 0.14625363447852194 0 4.971729543019739 0.7137447307865652 0.3856277793342109 0.4565136948427102 0.4113933377863479 0.48373303056014916 0.5502301396223305 0.9835293197604046 0.5846803097578359 0.02745959625994572 0.5144913160515385 0.6031025539834804 0.8398082964934158 0.4977017199506204 0.7705983137536665 0.5796267903676713 0.5550181139334631
18 180 0.14448251247390057 0 4.713998149054053 0.5521511431159114 0.5670195528400366 0.23585361260035909 0.23870585005518719 0.5130143693472107 0.5010209553150076 0.7470803828460741 0.589099850405354 0.18384877051103043 0.5501921387302278 0.649415166545734 0.9989823726277272 0.45725953565933347 0.7838181138337881 0.6039224318506476 0.5054897902461706
19 190 0.1466371109116033 0 4.503107957346094 0.6644569942455977 0.11993447197813384 0.020127773177940955 0.3277552906982812 0.19907646835649112 0.4494431387691924 0.7238983301439197 0.5435539531019806 0.19929277341929946 0.6842590086761505 0.4361551262828235 0.9850438923940099 0.4085477341138186 0.8681327576216746 0.5144928943212957 0.2698621355025372
20 200 0.14589060918646524 0 4.547889738205181 0.6572614635127689 0.47068332570868826 0.11355147801953948 0.17804328025366878 0.17751772265523216 0.35824597080567055 0.6533770847569189 0.4489256302716038 0.3688375358239151 0.603942670686769 0.369627164705464 0.8471478798647574 0.5136300464882898 0.8394702218012193 0.5379169652696412 0.35142035325000137
21 210 0.14913833786647368 0 4.990885062261551 0.5559422047168439 0.3239721807513881 0.08129583708818026 0.10614936020339277 0.1978513795772971 0.24807331922152898 0.4208342021198156 0.7073140197844079 0.5803570382669425 0.6392287498503523 0.3422071026520781 0.855470924937486 0.244073311822519 0.7568626950009496 0.5350030196547646 0.24249784862376622
22 220 0.15189382318180644 0 4.113964283888789 0.5221471073488656 0.1275495187764289 0.00035729295873540443 0.18794309450969082 0.21598901034543627 0.3572967067025826 0.6758858493717521 0.3880909223602885 0.3444121665303031 0.7209255493921025 0.3826105505233762 0.7868045975061071 0.3104975590549331 0.7983114209647957 0.5076312707824763 0.13870586798205456
23 230 0.15440660999777828 0 4.371538373669216 0.5391412858549635 0.23124932265624193 0.22437066821673624 0.24292681482278106 0.09363382364351824 0.5112944528881114 0.5475444363658974 0.31737832997781634 0.43224546264294106 0.5684198358637008 0.31666700263617986 0.668663085852752 0.25894058481588633 0.8369128103903385 0.4693324601279815 0.10085459399997962
24 240 0.15491217601871946 0 4.731291323591132 0.7463060591015818 0.009168949939562642 0.13379807406325792 0.21090014277065486 0.1830747483764169 0.40681988425769616 0.7271366933893435 0.237969955315885 0.5702177180166563 0.49266134193279 0.47447032691592816 0.5813348745847147 0.16952467091135312 0.7587363166004618 0.49041485825716263 0.24796777050531538
25 250 0.15518374359386025 0 5.617896821757363 0.57977375743875 0.2946846201282681 0.002404128470223057 0.2489418998393908 0.2825777628008396 0.6097494509010162 0.863271421777444 0.2416215728316002 0.509260146481975 0.688437826279779 0.38813357470216203 0.6082861967861153 0.4286490971345239 0.40868036718659745 0.5197267345467222 0.16934202087904138
26 260 0.15280033737282525 0 5.0240079827616615 0.6709428419578989 0.296714072628117 0.20494328220273378 0.33961167565923267 0.7027804806041202 0.6021841578103264 0.8995591959102749 0.5624740417112101 0.34021730805255035 0.6531321618452103 0.04313946889852595 0.5260400985704403 0.2782953791895554 0.6305459262637728 0.5846156497885294 0.30966129397872544
27 270 0.14949084072254085 0 5.2655650605211655 0.6731355264946624 0.3908611898279854 0.010996035071941659 0.25003465968515065 0.3597973704089631 0.6140899948333026 0.8514697517826009 0.5228357747285418 0.28143920045640913 0.7181165107293508 0.0039565605220251545 0.44648539992239816 0.32195616274113303 0.3332001507580139 0.39683771669747636 0.35056042621253025
28 280 0.14919491577320895 0 4.524022912984113 0.7304985630137146 0.5768331647526724 0.3205234234916924 0.2098024898069875 0.6372554278801577 0.5802601021892766 0.6820803989922639 0.4574043817801313 0.47457644440430635 0.544970732067519 0.0007177282115889615 0.5953991154743707 0.5084900280334298 0.32074274264953906 0.4510363019734248 0.12218006934254266
29 290 0.1423745980698832 0 4.567033121721762 0.7083244661285087 0.5438872902048959 0.07628224361035559 0.15965832042150424 0.46670328522621396 0.4384310369661803 0.5338244895848221 0.5149115613179743 0.3286076707143049 0.5218117055801937 0.001298110860743893 0.7853183539386277 0.1665951973573565 0.3306338943270625 0.5094754024083403 0.17198196768687082
30 300 0.13387375015235584 0 4.682236130366868 0.5662385084402065 0.5122808572521362 0.019115175876407632 0.0014532230883899913 0.6053667950138403 0.4150570707228016 0.6514834212833092 0.48950761186645614 0.2244970282185354 0.5354252923801908 0.03890906853124595 0.7142465322874341 0.2520868143763277 0.3457126329071948 0.6165300533036256 0.09723976175270087
31 310 0.13136345898261792 0 4.2574400164547 0.7219805498138117 0.4124080408970134 0.3061293936657566 0.18431128927074378 0.5477973253545809 0.36554543357203173 0.5995389956314288 0.5989901266975979 0.4318169842691393 0.7201459846468619 0.035592066524339015 0.8489600478972507 0.01264936136509812 0.5916468818090661 0.5882025106105023 0.1808835274940368
32 320 0.12881772048687445 0 4.5300024631552755 0.6635416572180297 0.5014195681364509 0.09597634514362091 0.11440097840573646 0.4374514373604256 0.442074839189582 0.6434571424564752 0.5005692921707248 0.2640421126813794 0.6296350775268328 0.0017969222102681016 0.7612156249092328 0.2532888954883644 0.6517264620692751 0.5284458042377842 0.1594361520861205
33 330 0.12381596683819608 0 3.89122609917293 0.5797119006501421 0.5947802730512662 0.17815464534306164 0.081784145472441 0.6232602055800056 0.4591999286506682 0.5817611985698243 0.433122716297271 0.482893754471142 0.6738242111892072 0.027668457331273898 0.8760239517843261 0.3372036856769839 0.5966416113840126 0.5332310806560076 0.11154088739526745
34 340 0.11810308015486316 0 4.390361627135883 0.6039913782672205 0.4810740573856233 0.08432514596909779 0.0016196162139168486 0.3452571283196782 0.5192539170500879 0.4565039998473992 0.49671168903713325 0.37751796740436583 0.7972309512860373 0.20942537012802934 0.8989658681720998 0.06575861109968614 0.41885165180605244 0.4125216614427504 0.023105534950790266
35 350 0.11308983006472786 0 4.2494411077718475 0.6130804466972061 0.4909326760170201 0.17674476285553703 0.04162682425031223 0.4404225392998874 0.5736856990800645 0.39521073211718194 0.3855529707794916 0.3631496607898959 0.6605839063842102 0.049580910955754745 0.7641729306752578 0.0967259689252971 0.4226180700390682 0.5970585639398719 0.13130493976100183
36 360 0.10934691231592707 0 3.5350226804162803 0.6243712898753796 0.5660431085351387 0.3061464398664165 0.10131573916296194 0.4396375436556361 0.5794916192150854 0.45556050393398984 0.4820999502720133 0.3975833386545053 0.8872352537253057 0.1757858004549698 0.8701838079802046 0.03609511301762482 0.5226703872121349 0.49382296607530723 0.017353418269840798
37 370 0.10582398839270635 0 3.841722273007865 0.6553216789417313 0.5273759914229376 0.32577678712317804 0.08188279999846063 0.5297490784268835 0.5583382354395087 0.4843994599961443 0.39029059235785696 0.36216839474126516 0.6753301944103522 0.011989822736586431 0.7402406410856098 0.005656805766228544 0.6368652765976629 0.49980906811029613 0.006358791036087024
38 380 0.10677774260523917 0 3.426472068058934 0.7278690731942307 0.5838485446113757 0.4019657427812897 0.004983077599687298 0.5937505522574299 0.4588265308341627 0.5201092783004466 0.6195706976561253 0.38765315904803366 0.7519081545907731 0.01576856588496184 0.8710366800218468 0.011883541113550469 0.6399860383543159 0.4423338951482493 0.009968479964535357
39 390 0.10782059367782512 0 3.288296785847726 0.682776966964265 0.5235961055823097 0.3707689572283697 0.004000608551150806 0.4783899984786483 0.5927449143982533 0.3871964369865811 0.6289007308880058 0.34047867754696176 0.8478719022178024 0.03580356367896639 0.7538625274666356 0.0017345184418756446 0.5100814751565039 0.48082041050834057 0.06121758758387971
40 400 0.10853188385473223 0 3.6034092723118913 0.5693163823317577 0.5218650852317955 0.3344964099128992 0.04571921960943732 0.46163870040476085 0.5964606359746412 0.36869026578623 0.5022795294277435 0.5274185540240088 0.8314224350515677 0.051082493369812076 0.8440005288182305 0.053007730832403704 0.7060716902217425 0.32282051265106537 0.12139370622943585
41 410 0.10903705686533412 0 4.025870719419192 0.7842223357953672 0.5786892255451719 0.4308906358571718 0.007605969630842003 0.40086908171205066 0.5530368038149616 0.41453250697753863 0.610020342341779 0.46696594956016413 0.8496959918866408 0.27146703206635414 0.702649080520653 0.00020728490606483169 0.6497228794707733 0.3801812227906247 0.12958374280644902
42 420 0.10489565364383802 0 3.8230408938760787 0.7923739034365194 0.5205376635257571 0.25841966229099006 0.014601702534692104 0.45439577917782786 0.4500141263058438 0.5353978220265623 0.6442819701425615 0.4544388127307506 0.8568857799402618 0.09119002755213254 0.7632717241412692 0.02943143313799052 0.5738033060635113 0.47841051189269257 0.10484148374794466
43 430 0.1022967780797867 0 3.676889832598711 0.6888373036582623 0.2842942265415933 0.39683503104154827 0.08326002211357006 0.3725088935535231 0.5109601715040611 0.5521243347472644 0.580819357871162 0.45369426301078586 0.9834028545036623 0.17277985390059414 0.649248665074641 0.0220862521086743 0.7529002450091211 0.3136177254650492 0.015456010710573969
44 440 0.09902236942864429 0 3.713734857444968 0.6206708880222775 0.3651056956388899 0.5164036733951554 0.015450898916857369 0.39198627673591313 0.4349698512333959 0.5432005451025665 0.615870657050559 0.4992815747145495 0.9712766071681217 0.05535836508663919 0.6476831474467672 0.017078059110528943 0.6152706360942832 0.5417910995153858 0.0007629210730569021
45 450 0.09569102161726147 0 3.688402476099539 0.611781349186933 0.30201422187858046 0.37873534284735955 0.09056122625924738 0.4681698705572577 0.3390790908065593 0.6159277225733168 0.5596977471521045 0.36294848878531505 0.9726873565055215 0.0010808578177500692 0.5784399474293517 0.0005438119137249391 0.6120331286474431 0.5121197215021651 0.037399883425160076
46 460 0.09588145489733088 0 3.7052546025199953 0.42684010173203046 0.3110685017901197 0.48467857233823597 0.15871593730093775 0.3597694926510673 0.45062511342661726 0.541526431800297 0.6710138386937434 0.4393178525423346 0.9907748405154979 0.10800933463606194 0.7436563918248911 0.0028369231289200963 0.631112414656136 0.5045672252942757 0.025376514171621272
47 470 0.09216020794133192 0 4.586502184461765 0.5048730755266565 0.34369063627344437 0.2575455052580869 0.0879269587810847 0.48462216791365564 0.48949018864509514 0.5845458922749427 0.3793266149573894 0.3964148205079135 0.8524058289383348 0.058635172776754646 0.6089313936998322 0.032190870322656065 0.7264213447416512 0.4579364456716904 0.09135358621643641
48 480 0.09239612984140608 0 3.5183761444234327 0.4489367353554799 0.4469715662269729 0.3494681107518249 0.038670906753247254 0.5370354526358422 0.46457332115158617 0.4417424225630199 0.5469674641347859 0.4830867264287161 0.9494741665934753 0.0009663587601331462 0.5864912815486737 0.015346091350492638 0.6069997554930453 0.4850981520109844 0.0574459510535559
49 490 0.09583647215274231 0 3.612879654436418 0.3874471891342186 0.29977860088914854 0.2679520429550999 0.007542627358264166 0.5467060533817666 0.4690416002746407 0.5479418823657933 0.5859914562216737 0.3868924459705558 0.9832570283638966 0.044185301751024544 0.649019106023486 0.05495032117250112 0.44853549226969835 0.5509533451815143 0.07188226097577147
50 500 0.09817605879232248 0 3.4901271558094606 0.5824436366835279 0.2592431835794981 0.2140935694160681 0.0006107663729956774 0.5200405693907044 0.5598278257295854 0.49702602240326854 0.600356219888706 0.45011313985545254 0.9615868234619253 0.04182581385849639 0.38133252823240354 0.010127555708000979 0.5222812471050436 0.534291188869746 0.060025560609370004
51 510 0.09901620836597472 0 3.5118700351658565 0.7237676012268414 0.0975043417075889 0.3606599585656425 0.0038628463551158257 0.4895096400245113 0.5369945500275908 0.3471158919900711 0.7677592023456857 0.45065695754899104 0.9188699941851616 0.04889975532606086 0.5560269664971208 0.005659161869739752 0.5616401114955095 0.4022370063429924 0.013730957585676877
52 520 0.09801973616392178 0 3.58117353371033 0.5581097804451983 0.3109872697419993 0.37032515110393777 0.003207413313856291 0.434893171680459 0.5064196105106706 0.3065977429665273 0.6938076113668863 0.5772994998336161 0.9663661984424441 0.0005248256498907554 0.6283131989048424 0.012681645642555528 0.47836028001195197 0.38408864439712476 0.0031154865021357186
53 530 0.09723347780254654 0 3.686485701775849 0.511753667623403 0.4134988561406624 0.38875281292052805 0.09200017967710819 0.454400412560331 0.42592621190656355 0.154800894094704 0.7026148983456367 0.654056638976594 0.9946114129916525 0.15930539567995533 0.6193986460315148 0.028442866998639797 0.4590470861238109 0.5928604187020958 8.090944705284955e-05
54 540 0.10040668324727396 0 3.6652472700602376 0.5148915156083429 0.3896589344828067 0.5860503492794111 0.26531628147509234 0.5610085444622899 0.44485542156481067 0.17292901705408525 0.771592920258525 0.6560510130696329 0.897200859078173 0.07427564885649088 0.7267176399714467 0.05163367942312383 0.34332957591983015 0.5857108624358601 0.10416940687313339
55 550 0.10269118458305462 0 3.8896417702261603 0.5788302366232501 0.405882556461617 0.5207996601253948 0.19277325915939408 0.4997856178723272 0.5529511358227509 0.1928387236503949 0.6608058636585097 0.6957813135049877 0.9800402399241914 0.006609831637303205 0.7147795222951118 0.01201376376125582 0.30646628012873134 0.5924050343934139 0.18721673869645722
56 560 0.10463851129821203 0 3.763685342615757 0.6202642134682032 0.4435522457669576 0.5153105461235021 0.37579003721214366 0.4704735492330454 0.5377561344192385 0.16496837212722737 0.7329023590930186 0.6471664007608846 0.9929277194030581 0.07340035423305771 0.8535668302287321 0.030104821136988393 0.39003154779459803 0.4262064322266954 0.046881281442618765
57 570 0.10229396913201494 0 3.7011205612156566 0.5956953154925749 0.3355180965099101 0.5982147525015111 0.29401070883980207 0.47744546209968197 0.5172842435417231 0.4128090788773421 0.7006709990201194 0.6163720682078859 0.931304529200869 0.052291231585570225 0.6449682486678734 0.018227716134156063 0.46006892430992424 0.37758429473996175 0.036953730935278845
58 580 0.09723297833044411 0 3.4212350722712768 0.6452783556515531 0.4488020217766942 0.4860588074839557 0.15487122818931826 0.5807858537457962 0.5476439269494441 0.35936189664734675 0.7764819602927053 0.5748202989460551 0.9641703164766106 0.15887161552794093 0.6382061775918204 0.01884087407292821 0.734192193287879 0.3186910876946668 9.363903220624855e-05
59 590 0.09060012478470984 0 3.3686631864432544 0.5260794913479513 0.4512657362501596 0.5085127101516245 0.1250822961175979 0.4961778693539466 0.6982389544621526 0.37790024676089107 0.6550762621749435 0.5298570993091247 0.9397744933648136 0.12947224888552689 0.7304830190156835 0.01130988408540506 0.57282458890337 0.3999954322606221 0.052297873354979985
60 600 0.08719829254705194 0 3.622741975215587 0.5166752638804006 0.45138540143662864 0.6065744673503921 0.2195234249024126 0.7067558666593308 0.5979628297847601 0.26799195463279035 0.652011117815201 0.6343797744634454 0.997951827287363 0.2799955266174576 0.7788779504807056 0.053078472879079505 0.3531886508826128 0.4452060999737681 0.005563157866723627
61 610 0.08240121472979038 0 3.6266420874149103 0.5607470775135349 0.3937716665240077 0.5199885744291801 0.11073422093712726 0.6511301134086676 0.5770616293747751 0.33213336185715436 0.6031848050000138 0.5541717350108293 0.9181642322369756 0.2122105498963643 0.6590959547001872 0.099480399327906 0.33356810312673246 0.4672037962516657 0.00516861227774803
62 620 0.0773145635348157 0 3.354298242628524 0.46364177081064073 0.35107624022292666 0.3966842873415327 0.050007359151495706 0.6120789991532138 0.590007608041308 0.31077713950355623 0.6224580157413011 0.6011933513743111 0.9753852284256295 0.2027360799512018 0.6927550933833238 0.051384024641222374 0.3350066163173856 0.5482177535692379 0.03009298932744803
63 630 0.07657261103655878 0 3.1903873590057192 0.5705044348810508 0.4136541121707222 0.4408955345845874 0.18735271051991365 0.4495084371253424 0.7307307244387077 0.2770243073186244 0.7148939959599157 0.6867950203199145 0.9907375029838227 0.22683530205409097 0.7850135524682667 0.02377506284308042 0.49615027448465726 0.4643617123928564 0.056311333688053855
64 640 0.07817149478160428 0 3.310057351817255 0.5131933151999446 0.4097812924003065 0.5057079487917506 0.3385834882666963 0.47568752917972695 0.7075320853065835 0.06915097839227977 0.6789924044284403 0.7030685243943717 0.9402147361614085 0.2810955469515144 0.8747952324619696 0.009780036909222868 0.35253091865617403 0.526949355957378 0.11515113052543974
65 650 0.07954797598181507 0 3.3986749769368156 0.5827059060839159 0.2904310160749953 0.6415661913606046 0.2700991499200094 0.4111187230384945 0.6803798161949662 0.11692309280239377 0.7044566619638767 0.6065393747425172 0.8814531874408529 0.20610290731522213 0.7797463424512465 0.10200709570010144 0.4042474419521369 0.596114989241332 0.0001408991727807685
66 660 0.08218224992897093 0 3.83333965209117 0.40783908043648004 0.3118253052148935 0.44345124651159074 0.34832359885735076 0.5143073535870938 0.6249240232825273 0.09436436682668348 0.660817402303395 0.594040843551517 0.9516755573805167 0.3343773805977258 0.737505127045665 0.10504220364714249 0.44854166481653696 0.6324151607545964 0.001821777252485806
67 670 0.08252822240455424 0 3.446891080227682 0.5319493500428475 0.22644250360606685 0.5603207088806681 0.15463995486623994 0.49750184283172294 0.7739457333494406 0.050135152077957906 0.6726953190306807 0.6346235091632695 0.9322161798808135 0.2975339042068226 0.6546276792609765 0.05282000706126929 0.4464743069180184 0.5228541497781248 0.12202867898482822
68 680 0.08541160366316537 0 3.9180678988256346 0.6025471924770025 0.1979793503150226 0.5986402278895955 0.19015652780632575 0.5561976631677645 0.7938102568127332 0.028964917807159617 0.8265984481122229 0.6325760235200475 0.716485449548415 0.2797873143286666 0.6652911075188724 0.011025819937486261 0.5137248013223966 0.4532831147236484 0.13386174827534095
69 690 0.08261612205403805 0 3.6067483214047247 0.4475420550572622 0.13484886759567852 0.5561484120900024 0.2503455754770493 0.4921505925776961 0.7689701660487539 0.08514112195920964 0.7380557250558786 0.5681484892560611 0.780320084011932 0.26640273328503034 0.6314792250520723 0.06144829595638897 0.5053732858374617 0.5525619555682358 0.03759858610151117
70 700 0.08245817694978497 0 3.8503493101440984 0.49275990712221346 0.2219263655282233 0.4761410596779838 0.31651020777524147 0.42329316767398256 0.6792610429116666 0.0056478371251999235 0.8027895464400726 0.5528190085773226 0.6429142819572526 0.19263028579040564 0.5973308438899142 0.05585128392813313 0.5168566468541951 0.514915479386056 2.6445473812196764e-06
71 710 0.08304703519689037 0 3.8093270089042996 0.5504132689438694 0.26002809087318723 0.5382695436193246 0.14097985282539968 0.5563896284810466 0.6739719604712802 0.013595926169128579 0.7953530338382466 0.4749551539302934 0.6354466923399891 0.32796294629725997 0.5665020785502719 0.004082746814971334 0.6558359160129327 0.47224848720176604 0.00041935725958038716
72 720 0.08321551631245713 0 3.7005660974341117 0.6055950084081726 0.15237126569066467 0.4768599827004849 0.24331229654511077 0.46411601965102794 0.7200672280012287 0.025337552024313075 0.7704519445864688 0.4326581571121697 0.6595797867841868 0.18507748174475674 0.575602174894531 1.432243177628909e-06 0.536250748819773 0.4141468312850478 0.0013060829109946014
73 730 0.08098348833853598 0 3.575747717440777 0.579437724800333 0.13081736387287884 0.53314788053677 0.2963888967073938 0.40391246937109687 0.7344889050372915 0.0013310224912080372 0.8462856621715558 0.4664482939059389 0.5987858672747002 0.18568156587513457 0.6372001387435625 0.0011317150419117824 0.5202854106319462 0.4991135428774819 0.01731376609058888
74 740 0.0771614829933643 0 3.6053775106227244 0.5931068643070011 0.24912912272871574 0.5440416346679526 0.2376759215692668 0.3359574808087962 0.8020485275678328 0.0006372273974840183 0.8292211435032792 0.4744702292387981 0.5990499720241411 0.2377470925228814 0.6204137294966355 0.0012538797796793366 0.5300305395172382 0.5359186680853011 0.09831259805965098
75 750 0.07307775385898088 0 3.7823814244034617 0.4779128872364403 0.2104046770231364 0.5778792931883672 0.11055132737214227 0.4895783882686992 0.7612615556375274 0.13941384114793698 0.8669836399622747 0.40517851151688467 0.7421248798814319 0.22065068386139192 0.6139447481418181 0.014128824537603392 0.5525484793212164 0.47010739062007695 0.004175256561908679
76 760 0.0722829254806326 0 3.5662768910634615 0.6651124514369807 0.13956142106687558 0.5764025563166564 0.06044136715617959 0.28746809775835 0.8314413185746962 0.03005304451011036 0.8563209520023924 0.4000870113798538 0.685601957128638 0.23665239588432052 0.6219287429349702 0.0001735745504909722 0.5502382070263748 0.4744243981630371 0.018765320224625286
77 770 0.07156197108559288 0 3.6879375724797354 0.6444551696913091 0.15698981897851172 0.6450414885973832 0.12602843158396312 0.2661899997865387 0.75481667091003 0.1603241921713222 0.7528341604405931 0.4765414511188316 0.6812770762959106 0.2800810657410729 0.6340279194726188 1.6576953734628785e-08 0.574369334174335 0.41973195398285473 0.048082985853782276
78 780 0.07051320659850017 0 3.4882891774401434 0.5662629190165576 0.3372300756807138 0.7037067765205409 0.15177410294471078 0.37943791583142245 0.7973054436497717 0.03473517151368028 0.7710938105722949 0.5000265405893549 0.7945543984602239 0.2658670217086347 0.5941230098174518 0.013414376872613496 0.5794062709419537 0.5178286180021408 0.016682365868328494
79 790 0.06760307752338136 0 3.5179070798478262 0.5962754010992273 0.18164814451522115 0.6215164992828535 0.012827474733876984 0.39636634267515186 0.8062947794958576 0.14782016371912265 0.7921492083366156 0.4617162361791576 0.8339597842008872 0.2173799302710221 0.6272510056194388 0.0018522832750108654 0.6126712461344388 0.4240442376566341 0.06241314381474697
80 800 0.06796908865362615 0 3.6816665537968745 0.5574893405117399 0.388384281709313 0.548706726100582 0.030029137819651452 0.422473792223753 0.803296927570402 0.10944136167695062 0.7543714668352562 0.5217305635558864 0.8813206317709743 0.30156014127978176 0.6265730336630791 0.008232941623034498 0.6377369069403074 0.5253102240393127 0.13997565683304242
81 810 0.06649734131796829 0 3.5211492573981813 0.6025690032247768 0.31689018589517653 0.6665178679830286 0.09074907427195417 0.40927604454714245 0.7489139825842734 0.10325339159032387 0.7950412306292719 0.54570544504866 0.8267889044071943 0.25996430054955455 0.6142018373402093 0.0034020938617241744 0.5733375893135791 0.5106328225939502 0.16418473067598294
82 820 0.06602908696501995 0 3.791147086503858 0.58944712489583 0.28357474462596793 0.5884008768049469 0.05704899483509773 0.41282585495740587 0.8705799858738322 0.05344395009311684 0.8087899260932147 0.5959823601433578 0.8509769761403903 0.294584367046113 0.6549566689988144 0.007631368829831491 0.5727629744518713 0.5460626894215388 0.14401961437192695
83 830 0.06761943809361824 0 3.9880487417437918 0.6005177229076422 0.31797088507474297 0.4519822700125826 0.19609978075866025 0.46868911925224893 0.7409760596747598 0.06479179695442969 0.6501715042699094 0.6397717349799874 0.9628314852237372 0.27891608871764334 0.6864342067619872 0.17209961714053368 0.5042708935071406 0.5631121013480926 0.08864828336133988
84 840 0.07004026139923757 0 3.700393448358744 0.7487895647468629 0.26883646392883453 0.5760794758574164 0.1706775704898782 0.411410972765477 0.8440711389299205 0.0764186664347154 0.6773405966826591 0.6979476712288697 0.9442775920419136 0.2757352149033212 0.7404397949211875 0.18481388144228622 0.4170468670045116 0.5223557606320969 0.2138256122554304
85 850 0.07108846799348316 0 3.6867843296310516 0.6341100708829228 0.32670754795606716 0.5466728159107324 0.19081146837482355 0.4256637910134578 0.6902611779620511 0.031118011379050584 0.6881326031632381 0.7200036587502299 0.9922044855803465 0.20928640451000857 0.74311349349402 0.18944918907384084 0.3722550614612292 0.5171871735000457 0.23736396066489485
86 860 0.07007664141926533 0 3.461430624632296 0.6415160058436552 0.1526564833087308 0.5270628099165102 0.17203309907088654 0.43789602684053586 0.6760961914290854 0.0013452947826203955 0.6948367501221671 0.6327126705123243 0.8188380397820152 0.1708234627730693 0.648841405861656 0.09704859936864954 0.45144112064741754 0.5520027186178578 0.10362676479201596
87 870 0.06952985847288994 0 3.225073453217772 0.5836980046546898 0.21642719115376358 0.5408521124466386 0.21371391791358063 0.46278331281360385 0.7014664458147238 0.0014980628164202475 0.7684639779457546 0.6310977547681451 0.8966630303176899 0.17268173278802784 0.7281174555930787 0.09728315218383735 0.35148185500088047 0.6219822691336079 0.29652111104289336
88 880 0.06559928961584251 0 3.1346875987769436 0.6174132936420017 0.22341775511895598 0.6314396156527222 0.13185023386323805 0.3335542083399145 0.7987943367939283 0.0012068169962236798 0.7787191979611753 0.5582039602629612 0.833772365699843 0.20123911347843781 0.6532626144761989 0.022157956766254608 0.3857598949556574 0.5385928137987896 0.1422891778124004
89 890 0.06765962402620068 0 3.6837533035253314 0.6570409091619157 0.16034467957049942 0.4444625675818813 0.12278814770930985 0.3407374112719448 0.7631354344601441 0.0021961863344304652 0.6900617417302084 0.5620595253493745 0.8212160774170258 0.1258545049758205 0.556531487000499 0.14831677103696414 0.18097677376143004 0.6369943518059518 0.29931332656683063
90 900 0.06726962352087495 0 3.266030007949228 0.6720913935797849 0.17308610406500105 0.38531570293842504 0.23806555733921397 0.4359982447363531 0.6698607791903667 0.011330669591463212 0.6687986676089812 0.5425828341879975 0.9362278968204345 0.09469290572129468 0.6260199423070627 0.23612290756119936 0.26284629043903723 0.5841434115234351 0.21648283507494523
91 910 0.06893384615531586 0 3.2826845816760946 0.6913911045910556 0.24662639805851108 0.4816190295653249 0.10095984665616942 0.3776180697082417 0.7782386086743586 0.01272568633972036 0.6719105021538255 0.5932395696000745 0.9973005163020067 0.0684942796125114 0.5674811375274256 0.33219594307925904 0.21983166146414088 0.6029357303512128 0.26971996958996375
92 920 0.07023288098163294 0 3.0471135882524627 0.6502937078341455 0.37194297103377727 0.5892367644650613 0.14553851531827877 0.4437981919511886 0.7097869332511045 0.053219719956790174 0.6260944293011047 0.6813903923647879 0.9999943295077587 0.055582691094142544 0.5884571582044636 0.19688525254277978 0.2498547434818753 0.586168702065194 0.2826160974706769
93 930 0.0706428529089777 0 3.216493057860337 0.6933463487775748 0.30249160664572367 0.5464481121250924 0.15649546604061698 0.39140430382402086 0.6313641686385665 0.030259660918263407 0.6669009698551979 0.6122596195071284 0.9913304160125256 0.008138500242316316 0.5288026287700339 0.2836063852138736 0.2563185062894196 0.6306587175307196 0.2810931620403638
94 940 0.06882509376287724 0 3.7035301173976496 0.6062672960655904 0.3864860492359228 0.515027043164459 0.15617238379309745 0.40532361253236165 0.7062376970778997 0.021441641917345215 0.6431043208546755 0.5587230492139199 0.966835151390756 0.16442584585830095 0.5929295452138786 0.1807692855634334 0.32364945402863116 0.7592771116356354 0.25575482569841046
95 950 0.06829925256049538 0 3.474499570455103 0.6690276511472304 0.2790607402697401 0.4967310704202206 0.15217030440316037 0.35228994498772354 0.639570646088551 0.00019246360539354893 0.5889622932624852 0.6373115900716744 0.9930916945173666 0.17537475146603632 0.5507752443467654 0.1427484427112591 0.18154563474436802 0.6012515555314241 0.2480304424336327
96 960 0.06375262398975551 0 2.854763555342788 0.6935240387937657 0.26164540688790616 0.5165526438656871 0.1515245351750309 0.38351878246179844 0.707798836296247 0.01576743722472648 0.6006394153273775 0.6837078370551277 0.9860102444653644 0.10068211697120413 0.5379679886031951 0.23178121225627638 0.3179303863089912 0.5958946328879523 0.1813744533277386
97 970 0.06201747879806276 0 3.0882769451214123 0.6583406423996241 0.38766783221651313 0.6353815793248165 0.2477141826812772 0.4545173738696675 0.6578109610247111 0.007556522805004059 0.6059615015199196 0.6725354395973486 0.9819494566260585 0.18303081786270958 0.580755147068976 0.10568305046739057 0.39496629529430555 0.5890350171293649 0.2782241885761198
98 980 0.058267626525349135 0 3.482192938726974 0.6581004971776074 0.28165907977174093 0.6325031980952371 0.1408628962744228 0.38412465740583673 0.6619349460222129 0.002696281480977401 0.6640111656234188 0.6441278807002733 0.9713772174077451 0.07219948373243984 0.5177906749585524 0.11177020208832786 0.24690996187424297 0.6248724824143893 0.19925789573213615
99 990 0.05485891118456893 0 3.0713659206303454 0.6184152321775318 0.3251405487395418 0.6246802989667066 0.1726872051045838 0.35401402356593764 0.6519557629399867 0.009809212510454234 0.6755831935777842 0.6838142860903123 0.9540783632032593 0.1475622474030832 0.567174352046632 0.07074027048618979 0.23481489091009428 0.6133759389240762 0.2976832410855634
100 1000 0.052796942126342825 0 3.4508822495821425 0.6520915626227834 0.23438129791109674 0.5920376967535719 0.15253631600768836 0.36852489321539056 0.7388180988052033 0.11151521057882097 0.6514851964602789 0.6677686342280376 0.9383328362064484 0.10175352869356846 0.5448663599782795 0.13567439268007447 0.29341582992234944 0.5893088252237251 0.13735205894359448
